$ANSIBLE_VAULT;1.1;AES256
39353230333630363037666131396665386133656437313064396533356335343839633738656236
3463653364306465666462306339613664313137623332610a623435666463383335313363626161
63346636653138363732353063313162323839376663343435326136313638393764633532333165
3164396437666331390a346438336539323835646635656662336236353233653736306335373837
39323366306231623062363633623465653934376130363838373264663561383137383539383765
64326639303137323830306538376435633533613837333834363234633264373763643938376331
33313864613633656630643563623330666537336664666664343033363634306332633262386433
35346431376435303565366139626431363231303537373931303361386537663633353433626465
36313666393531613432636132353866616336366333306234383738303035623734366164663966
62323435666531613830363530323563306564666334646534363736656637656130316665383761
62653830613362376264616461303566666435653534313130396233633339353261333531323362
35333435613234346231303839633966643364363434613861653761613666326230636438393263
38333731353237326334643334343963653863633563626236393936626435643335343466623563
61323237373465616339333731616132663436323131346634616630346162346530363536666638
37396339366564373066646263366334306439663966336466306166343432613833373964396462
36323935633831633730336266616335313264313039326538623564343163663364353762393162
33653932653932616334346462653638303366323732623934336133383161376162393663643936
37363162303130326633356334333638653466326165353564363765343131363738363337323861
35643061353830643061306639373833613035316536623932303235383436353131656166626635
62303865373539353131613161316538643765316664656333353230666263316163316130356438
37343635326366396462663836356438663564373337313537636431623466656161393138326561
35336337306135616161633766333533393134373065343134623930626136656238306231386330
38643162333864653633623738643635643836326665326530623136653364313931306439363665
31663261643539333935316132663139333136383366366362393339313035336435356461303338
38333138633434373832613833363131633866386231356163316162616530653732343635303831
38623233373934393131363064656330376232303431356662333762386430363265363434386462
63643266653163306232613839653838396232636461363062636164303036653139363664666434
66633461353736333330653266646264386563373966376131333165396333313731656563616338
63333338656464343033653631643762333764626239353563653765366638656461383366626638
33346333386432636636346239316539663766356339363065303638663037653962663132313233
37306337316532333961646463396166386639666231653763646666376163626133326434353033
63663534356236323361653462366639366432383534396561616337393331656566663435346130
31666334666136656266653534396538386664623265633463643165356636303231363165646163
32623837303439633538393166383862663033373066623234623739396531373664663063326239
30653966396537396437666633343935666433313165333162306131616436386164633164333266
65376230663031663164346461353366363634343832653866323935653338326162626366323331
39653437303263346265663233646462663838376565386164636635343336303532323338613037
30306464383934656133616564323563363530313065313137636362393337643237376330633431
32613338653236356531393337316239663866333539306663663838376632643661613035313035
61666431346462316334313464613539616532656137663538306235353435623861326565386232
64323865356636346337626432376232393961333661323534383132306237376135616239663162
61393963313130366361623337353131646231653533363633356365333537356234353364353633
63353064396232383366366334633534363064353362633666656266356134373332623530633334
39623136636563326664326665386663383938663561396466656463366231343635623035623265
35666435343763663061646234623431653839623836356662663033306136383064656362343363
62323235363064333061626630653330336134383737613765326334323064303134323563306433
64306238343562663039316336643162643264393131666632623337303435646465333236366630
33356138333263326536633739363638613534313062313833636330626166353838326133366133
35653166336237343231636134393633396537653963333132636661363936333166373465663035
62323239623839333430646434613131626234623365363637303137336538356461356362616139
36343338623332643436333965343166616663313563663137613663616434633439393165653230
63663130343364373139653761646132343939376537346630656164313134616332623536613434
30613930383164343131656461643366633966316565356233653032393061366336373235303366
63303163303862613166613933666133303663656566363763383237343037643032366236653837
36633663646134373765373632656565633965646564646366373565646133363137613564383165
33313438633966316665393130376134356362636433383938356333306436316330306362396335
39333263323364333731326636666136643238323465313861613634613534303838343936613034
35626163666136303836383362353663393136356634376264616631306661663432613937326637
66646564323134646332616638303135653765323266363532353530356439313635346565616364
65663130323339656434323732653739303236633331383463633138633963643338353535323234
36313563303764336661653238343439646536366662386338343235326430653130316139353332
34353730303836386564343666633335613730663966393866336537316163666532393565396635
31633732666337613066316232613639353434623864666330613935633164356363386339633664
35663732346366336166633561313435366338316134623531666334633162623265366366613732
30356263616262613462656230363032663130366638303732616661336232323630386436663736
39613331656635313565353466316665366564343737666266366538356238616366316637336531
31616162356131633866353834626561643765353932616162616363356135353965313565646635
66383734643933383138323866663239346264616664643335363333376232356637326135633862
30306463633862306132626137343462333831643737623432366338373733376637323135353466
38383964386538316538343866616132366433343235343936323339383731336134626662396430
63373931376236656636373830303831636561636636306234643637323466326634313763613637
35343536393663643730333638613064353938373064353361633934666132306338336335393566
38386366393538636664326466353763306462383436373265383437383436613761333039366439
30663831343733366638333338383462646562343534373162346661326662616665626237656335
36613065666437663432663264376562633263633936656632353034383137393235653735386136
31326630386130376464336330383738393166633437616638343263303366643630373764323737
64346133653464626531613239323661653463343634666539626630363732383266613131623031
39633131633538616430653832373434613663636635383632663033336431626662366666663038
38386663326437316537623839633364613834333530336133643363613339663333633563323763
33393430653366376537366630366338616163363237383461396431303134353632373961373735
65663364666235626136346331333631613063383437646362393534393865333635373030666331
38623963363736663531313962313566663431663863626237343861656431666534643838313165
61373362646437636536616664383536366364313937373263633339306632303162643162356563
35313532313665393637646230306665636139633834646265663461326532346334383638316639
38663937656266346133306461313365393234383431303862353165363262323761353132376366
39336232306235666433643138323735653666643966313939376530383136613235323835383961
64346138306539613134663461316135353762376361636334643265376537346533656162383361
36323235633163363234656337646432633433323739313031346236666666626130346633396163
38363530343533666664633536336664633366643331376132613636386131663564353334333261
63393366323933626530333265393066356136363134626362633332356638666462336365346362
66356631316535646662356233363130373236643365376361663561633337386464326430613233
36666537386238653830613135623566653264373933313434663438646562666263396461386164
39323864306230653861396465376364613761616163323336643333316532376334653336613834
33363461396665366162656165366561633665626166323934356333626664386134303237343464
34393335343961383630633335333432373532653563383539366166376336663035373766366234
66663938616564666437326362636333336234616530343263313030336431636439373430613834
64373030633162386134366363393166633635326635616264323034633833656666626238383234
37333731663532336661323539303234653136363430636136386433376665613238303061376434
30646461373630663032393162353065626630383337323565346238633035643962323965346635
37663830323639366537363136343735313235353931373537346631336664336130383063353134
66313265386165346531613461336630316365323632353161636166323038623736353933363735
35613431373065616337613236643464366237346137356335653266383935323466663866383565
62353232386639393166373164346365633437313635626562373638373539376338393832356537
39653932373666663466326564386462383631623632613161306334346633306437396339653033
64616637383061383633373937336333383831306332396361303931303538633733363735306461
64393431353933316463633238636530613333373337653864643631323231663333666363366631
66336466623733323366323664366662343566626230323437323161386335313436653633313335
64663032356163393066303262396435653764316538376265653832393666393031353366353265
63373365396261323539306362636435623362353433396363633937636238343037633837373932
66613562323966323937613331346434393236323736663634316265663634643637303832666534
37656330623837313362643339376231616235613834643737323362343664623330316135346463
33343933646232346665313633393937373536336535303236333330346263656661646535366230
37353938383765346261396336366663343462323039626263613837653136663530616134343965
38656536313962636533643332373763336466363636636262633133356530396636643866613839
63653632623936626339613536623737323666663834343134386663623764363363613332313339
63623139616461646230313838326465363334326364306233313230383666663435663837366431
65353231383831316130623339326336373135623565373766393563336230366139656337393565
33653436306636373137616161366130373737636361363865366632386430313938623064643264
31616630393066346364323261323133663865363832306266306465386563326438366139616135
34383962356163666231353033396130623531356666353132383235396662363235303535353539
34383936663531343766376463633732316234633161663937363162303564373964393035373465
61326535386363386135366133633937333639393363393739653963336639616131653637666630
35303536666633303262343637346137336362643966303731356532343561613137373565633636
64306234643266333365636134323739323164336139633032383463643162333231323533633738
38373937346439353531616330646432353230386364386661633636613934353638303963316365
30366530353638383634396431666466643465626337356237363063383334623163373132353261
35626265353639643563643265306435373163393230633464393735313638363134326133663132
61333536663039643038316338353336333136376264363863386439346663633363356635393436
38393733363866373839343039613166326334353364346664393834383532343163636461633564
39356333636531646362666137633236356438333835623735373437383366623839656433326133
65313338643837363663343539383732363164386265393831343338303863663162646239643138
32636463376537303731663163386463643064623534303437396663306435346266383736653139
37356362663962393966373162373234366665613236396632313336343066333434343637386635
63333036636433653637386337333366323464386566656530636233383738646163346666386464
39363364316338383862633333326563373531643237643931666436663634316532303565323330
30626535326164656537306237663231313061636331613734653231666134303331363037393361
39663365336161306461653533663766646538663038313538653061626564386339653363323533
36373237346230356235336531373666656363303030653664373834306537346234666639326239
32313130323033646532323230313866363130386665333961363766663461393836653734383630
31333136333337326263363536316538646334643131373033623031646137623161623230313731
39326137643562616139303338343537303831316164663339343763653933613163623965323832
35653061333665613432396230643832623139373463656435396135373162653835316264653965
33646233353839653363626336363332393330386336336135353737326333373135623731346435
35303637313139343136363965633162386366663831313566323039353735653961323166633264
32633536313039373731643164623937663932366536636331646538363539626633613665353631
63663762326463633031303937366136663230613632323461303735376363316136313761646633
66393030666631653032633532363062646235616264663865373066643864343461623335313765
36346633643165356231343532626537366538333131636237343430333637376463646136363338
37323031333938626535343062323832356165663330356334616637346535616361363238373263
30393035313463393562306565313235663135393338386537393834353639306139653037613938
31386137653932383438376566333633663230373765643931326664643131653662303166656533
39616334336231646431626164643666333966376535623362626436346665613333396463646635
33636330636562313762623130326166356561623937646530306533613663633864663233633164
39303631306266313263626237323037373830303462373361633435326532643739353334643732
38306230653535303731333764383438386532373135636166653637643461396333313265353763
65353563383562663833373633616439393330316365303366366439613962313464663566323936
38323938353734636630663361326661636339313362383366666635313536646237323262303665
61653266363930373462353133616265303461613665376336653666373733303163653962643263
30353339376364653834373939386538346534326235386465363161396463363835356664613039
62653930666666343762343361303239373337366634643762636266393330643938613934616430
63353436636565323335323439363536386266383535366463636432366137353030306266336633
65666433373138623435636532616337626331646562316362666563346438626637623563343061
62613666663236343637363432333832386338323636306164353837636336333964653262323233
33613336363133613734336334373236623163656430326137616434663336626362643563616166
64383531333934633139363837343238383435666164333137646136396139386364663066636331
64326531363664633537666365333962353734383837323264616430306135383261623066306238
34643635336564616536346534333433643634616361633631306636613037333230626537363330
62313662656638373039366231633838313137636364306262616362363934613736643338373834
38303464646233373264363966333039316337333731353139373664613938623534383830663063
61626438396330623934316463356137376339383539663466313736383562333434376336353365
36323762396263346135633438353765353138326135386661613635623136376631386565626166
37373937373762393932313361346132396432663064636234616437313736353966306565333530
33323231626139636133643966636262393531303434633133623865643038656263626435373664
64346539326237353864313261386262333736663333343766336234353432303934636634353965
38656638393930663539346232323433353639646639333534303533663665666536383630383633
62313539303866363763366431323866656135643031626465613334313032303331666335306363
6463
